c6s1_002901.jpg
2
122.262419 120.551836 104.501080 296.086393
489.260259 164.093952 80.863931 216.466523
c6s1_002926.jpg
2
488.016199 150.409287 68.423326 190.341253
239.204104 116.819654 90.816415 240.103672
c6s1_002951.jpg
2
306.383369 111.843413 78.375810 204.025918
502.944924 146.677106 57.226782 165.460043
c6s1_002976.jpg
2
511.653348 136.724622 51.006479 154.263499
344.949244 104.379050 60.958963 167.948164
c6s1_003001.jpg
2
366.098272 83.230022 55.982721 146.799136
507.921166 137.968683 47.274298 131.870410